Header
375.89707156293275
369.9173862802294
368.89173873164816
368.3750492970351
675.818931634819
232.47289369387627
299.1476150874867
378.7126177451523
372.5938652356393
370.3045155179355
973.5572124499266
975.8147507190233
944.2457149448167
960.1367233790559
2590.8427981726713
-2188.913464978935
-1184.6464400225136
996.8138635560061
980.6600769684937
977.7829472381179
532.6382038523582
519.6067913826668
520.8126706255642
519.1311950923412
 1027.2647576182683
 355.2483179683124
 428.657310806261
 532.0037449224247
 523.1611220307589
 520.8077803428158
 744.8611747970398
 727.4255106812575
 725.7077862160045
 725.9551333674059
 1446.1897638243306
 404.1206703762881
 550.2315747252762
 744.7653782374286
 732.328504005854
 729.5190028506287
 647.4357963386879
 633.1706189470127
 635.4844879494397
 632.2734024966126
 1209.7229302438475
 533.8970037350998
 592.4700715075081
 647.8982715073657
 636.8246110830521
 634.4751603152115
 -49.20678058417664
 -17.884395353437053
 -2.242559681388405
 -11.450262480530167
 186.865134119718
 -14.19131632574832
 -219.55344178784748
 -20.166105188957687
 -19.803808485062014
 -18.83796531148426
 -1082.8714422053717
 -1097.6838878095195
 -1052.0859676932716
 -1074.2521923193153
 -1164.5340029155464
 1122.6820605283401
 50.17113740047405
 -1119.3322350499766
 -1102.8924134377964
 -1100.021273632896
 -73.20083324142858
 -61.884852828225455
 -44.03410364050117
 -53.08989244742126
 -280.56019875480393
 -74.18430648342195
 -324.6265275726283
 -62.76941031347262
 -61.62746707819949
 -61.637246244100695
 -407.3996890710573
 -463.3624262138657
 -484.9009838198338
 -473.50510918571376
 232.09668368160143
 424.86279036791893
 479.85337070645477
 -470.67181300724
 -464.88330564939764
 -463.278790951468
 -190.26476870087882
 -182.07522190419132
 -168.65506360944175
 -174.72954946406776
 -389.5874670491642
 -198.8564317448296
 -391.3505082072786
 -186.54726050212838
 -182.81118948018488
 -182.68774575889506
 -218.91830070232615
 -253.5273511727555
 -334.2411531247267
 -292.50076986086475
 237.79787525926724
 -5.31993566553278
 897.2911830701621
 -258.245843677845
 -255.1672198207445
 -252.85820955843454
 -981.4220373976968
 -964.8173783357703
 -959.170100090751
 -960.247564711879
 -1743.5190877033722
 -390.956122951013
 -651.6268334964453
 -986.836880980887
 -970.8714276500731
 -966.870583829724
 240.38218599330852
 225.3385825014429
 225.65760100610638
 224.8774273071355
 559.4851075890194
 183.2723918932497
 225.577328920142
 230.8286494480563
 227.03415910656852
 225.75375308437734
 -128.68767391563588
 -123.14296728356045
 -90.58601639459533
 -107.87300209824735
 -160.71527617828792
 2419.9055818417573
 1875.6846579986984
 -125.32476859458531
 -123.4251605429144
 -123.0672190362863
 837.1365229367636
 818.1399905538344
 814.1180298652175
 815.2825509236371
 1571.095027861308
 208.6002317626747
 430.6874116349978
 838.1105654987992
 824.6416960214673
 820.2027138545218
 -1449.9857737569362
 -1453.0427382489627
 -1376.9677362309128
 -1415.262742353284
 -2056.008817821026
 2310.9898989040166
 713.5816687817418
 -1482.919612175033
 -1460.4744658100312
 -1455.5512234114576
 -145.13407246380197
 -119.16973539419243
 -107.9409113919714
 -113.87013444673345
 -848.3796113229354
 -23.16195217754262
 -213.80724952839984
 -123.01417445271099
 -121.08531801697335
 -119.7017379856327
 -570.3025400873287
 -540.8933439830763
 -547.9922103582697
 -542.8426081841727
 -1151.6008178571974
 -590.3568667241974
 -508.8824750985768
 -555.0362553137163
 -545.2121788547466
 -542.1428966646181
 -994.310054685634
 -974.8130457651304
 -962.3863944133939
 -967.1116420638206
 -1542.49188575359
 21.422356813200714
 -384.09342471350504
 -996.9758034239118
 -981.3919174967988
 -976.633091667773
 -428.30465265477847
 -432.65890052742196
 -477.5073186523836
 -454.7595538043066
 259.6190372582843
 296.30656986644465
 728.0935390660806
 -444.4184105774493
 -436.627392585638
 -433.72966003316964
 222.34108944188446
 209.4878497988092
 208.77697283778534
 198.49498799852847
 215.94718925429117
 217.29400509863274
 193.86813282115935
 216.5304722681395
 187.42958526577524
 215.24700913999902
 190.1830510362769
 209.6529346618151
 172.800808008537
 204.31461511533428
 213.12838096816736
 187.65788983604406
 215.511287993041
 221.28860090008294
 210.56376907267577
 192.25394463853803
 51.21124063368824
 48.13214671101407
 48.84636190519116
 47.184037313649604
 50.19016662311208
 50.436295174955895
 45.73288646939809
 49.783831922006755
 43.689027039069266
 50.13998250527091
 44.567939471505305
 48.84492590670543
 41.64737161677545
 47.75653152220125
 50.08031138117732
 44.484353186617
 50.07552829024336
 52.2463192279974
 49.28235365768728
 45.277971568543194
 0.6244486059012984
 -1.0729634532525834
 0.4711866570002904
 1.3444008652056991
 0.6100321257773018
 4.393878213153954
 -2.037692366121188
 -5.351519240305015
 3.540049193463683
 -4.062503380143713
 -9.163922210373997
 -2.1062345091112573
 0.8240078878017703
 0.6049293689889841
 0.8390093950767545
 -2.3796667972353327
 -3.7455259092340896
 -1.5295184066212517
 -2.6226723778216208
 4.44466632202629
 -1.1108062191187138
 -0.27162382744762936
  0.09104004483592579
  0.519970126959308
 -0.39076163360070787
 0.6687530093868961
 -8.304549200024384
 -9.077325314766487
 -5.644252608139963
 -9.028463901744443
 -31.22843256474199
 -8.906499651908462
 1.4869075585131732
 0.27568132082770314
 -0.577900107938884
 -7.950509812450896
 -8.782241468030827
 -8.837940527685337
 -9.269263894405773
 -0.6952777441528175
 16.148574494035564
 15.033789817051236
 15.79056384300109
 15.220085245180835
 15.91838405669621
 16.7598959809304
 15.7997507804518
 17.165167892425103
 16.342160237106075
 16.67757240568747
 14.598714080537992
 16.844486891560134
 13.371897791253303
 14.552850674778355
 15.297014439880346
 15.473463840765987
 17.22609082668686
 17.52563405698989
 16.817742281345538
 15.678785223980784
 -34.77754474399484
 -37.766082167923656
 -33.187137040810114
 -31.43974001812306
 -33.427382887884065
 91.11115366689536
 -17.75897670305209
 -31.30164925192864
 30.518977562690424
 -28.342088928679107
 15.896600614340704
 -21.198283480341452
 -28.987481607498076
 -34.6148171089834
 -33.32669967597753
 -20.521484752122596
 -25.19766041391607
 -18.125710192691113
 -21.301079420872526
 3.180258942196238
 741.5767500601564
 699.1789807496543
 694.7071666868237
 658.4638038486395
 719.1246863132258
 724.4098435928444
 642.338716089971
 721.8101992031606
 616.6117958215565
 715.5445265731487
 624.2500169934282
 696.552771420764
 562.9595467613082
 680.0238964248716
 709.7953542381279
 617.2166528837494
 718.8885229019592
 738.411942731163
 702.2836301787784
 637.112179834265
 1376.0680091706986
 1294.9602883529576
 1285.3178883159255
 1213.4865561239476
 1331.8923309845247
 1343.609641814994
 1182.1794891144136
 1337.0134144362448
 1133.3693892351532
 1325.0682861657456
 1148.5448910022653
 1288.319392032087
 1029.8795457172266
 1260.6914511123437
 1314.0870534866865
 1134.3754778311784
 1332.0281751594614
 1370.339766254209
 1299.3017636884042
 1174.245539040554
 -3.8003336113248825
 -7.929896787865207
 -0.010616810655298972
 4.5381130793684115
 -0.9081804752179734
 126.6371278793616
 -52.271282470582925
 -60.32643901287882
 138.0163310861038
 -73.83984219385704
 3.65141728053041
 -58.977741678026526
 10.120170877505686
 -3.001427247849994
 0.16143612540451824
 -57.31808003120954
 -67.65722923138729
 -53.879802400350215
 -60.36911481941553
 72.92396470973902
 -479.1639670248178
 53.367386650966544
 -418.81992261048697
 -502.5024538085922
 -535.4786573129877
 -187.8760585753511
 -660.3361730649985
 -191.01343990710205
 169.40419122275893
 -245.64420459951987
 -145.13511045750948
 -283.30540686920995
 -261.8808807736351
 -341.00051908727
 -583.3999776340937
 -372.04651751068843
 -377.79727262690375
 -965.9750706608874
 -665.8584302152606
 -332.0206473328227
 516.1806868844599
 487.09609309665734
 486.46138958391106
 462.3532144724356
 502.67355757130514
 505.07143776632347
 451.90212238798614
 503.62379741281086
 436.222064048925
 499.6690057740632
 441.11422063699774
 487.51918268459747
 401.26530020606543
 474.8545668255621
 496.0413201214085
 435.7276380518258
 501.4611836911933
 515.1722630197197
 491.35168441605924
 447.4535084912024
 2164.2623573581814
 2037.6246913634307
 2016.8182377497617
 1902.5659741814252
 2093.8708024668977
 2112.804622222796
 1850.103753210062
 2101.2358310478066
 1769.771463342401
 2081.3924099179576
 1793.8619395441006
 2021.6284181245305
 1601.0111925229912
 1983.5861017606044
 2066.6535308336847
 1772.190776492003
 2093.694314083123
 2154.965134881404
 2040.5244292228635
 1839.3265451303305
 5.938441272458932
 1.6085035883485788
 10.479489339640153
 15.079710965500722
 9.43330261388894
 148.20038020525217
 -54.16982401798832
 -86.55376647012206
 203.6609371280393
 -86.15021062925777
 64.52840149609527
 -61.400013388845444
 20.48008676334734
 6.89286808396197
 10.58426872296484
 -58.54791003379975
 -63.03515683570333
 -56.53182094942375
 -62.04785533665779
 111.46617192846769
 -1298.287127953821
 -1302.4062384790307
 -1102.6791155907265
 -1120.1364649863071
 -1249.6345415255291
 -1229.3664144157162
 -857.6127596737756
 -1230.5718214141789
 -653.8035634429024
 -1214.7862599770385
 -888.5025062048863
 -1114.9494322880334
 -852.981700371331
 -1133.7853332305385
 -1281.7533251133123
 -744.7128079591004
 -1237.2784332390563
 -1239.778926169657
 -1056.4843940547837
 -919.0868662724288
 679.80373334018
 641.1963944315748
 638.825845477918
 606.462462599577
 660.1639131109116
 665.1674804476629
 592.2320549801859
 662.8009036883669
 570.9072715426221
 656.9390491602231
 577.9762404017007
 640.6790391075185
 524.5447231063341
 624.5036055146826
 651.8096384846937
 571.7605664678339
 659.4492309044248
 677.8461119811958
 645.6875450622907
 587.8965627877938
 -1951.5548599895696
 -2990.2407263838786
 544.8245493471011
 -116.93766180948988
 -1394.7840244765553
 -1079.398002199079
 3505.3980548744125
 -1036.2396142950483
 6598.153936216796
 -896.7029461518164
 3135.680219765583
 538.7204975207524
 3051.1388498560104
 -1449.128113662195
 -2067.6198956053568
 4512.726947219596
 -1336.875774260717
 -1076.855120657175
 1024.5671124301068
 2458.9385743519333
 317.39545116243727
 299.67278810161747
 299.25602307017954
 285.00003230085497
 309.2280248630335
 310.5383625379213
 279.7092346607305
 309.9471119948498
 270.0824407425735
 307.6347011929085
 273.4113140296228
 300.03844053583936
 250.50319078021937
 291.44840846296245
 304.98946271063215
 270.3834257382515
 307.9608416101746
 315.8252403795885
 302.5822674551229
 276.46406161068364
 -318.85910143200545
 -131.75522678536942
 -305.23729088920805
 -298.5738456937954
 -319.4266320064844
 -271.19047536179113
 -365.20871369055425
 -275.18373274980456
 -198.8950316700718
 -291.5629712845875
 -264.57286543179714
 -361.0966556416885
 -247.93375506704677
 -290.0435464464228
 -318.08842604180717
 -274.1986351924496
 -311.02581382967867
 -473.2266247009664
 -358.57587687608225
 -295.71142390043923
 -546.6747976352054
 -589.4377430919781
 -496.18681332625596
 -495.67326092377573
 -538.9712033692676
 -507.98172301150885
 -455.0658485881688
 -504.68044967772045
 -364.53262136858865
 -501.7530714761464
 -410.4451613414346
 -462.12800087390355
 -399.23862840904314
 -474.775587525782
 -545.7589213269181
 -456.374986646995
 -516.7855018589374
 -541.1896690812805
 -532.8742848867691
 -428.5510149928067
 4.895870060279032
 6.477207830174557
 6.879937343470215
 9.255393593933773
 5.7347301662156145
 87.41634580119785
 -38.456175401048306
 -44.157718969509965
 -0.2639958126015199
 -44.209714986962105
 13.628271673902173
 -41.60936653671323
 13.765041873519476
 7.515742484601009
 6.720452882343907
 -38.628967963913816
 -40.21230598449798
 -42.042181936764585
 -41.91455055635834
 -9.654038179082459
 727.8513186697056
 1214.6061689144706
 1479.496575988661
 1627.0784130598622
 1607.9922754091465
 695.4562298615556
 -1895.0289263625716
 -3607.654794654493
 1340.5817518881604
 -3023.0238763289553
 140.28585317132183
 -4276.141773620283
 1139.516516103637
 -2385.95069961462
 -118.5723807965174
 -12722.021087061308
 834.1250649058655
 -367.09492036448114
 -851.0425855251052
 1545.8641042594998
